0.000000000000000000e+00 0.000000000000000000e+00
5.523255813953488413e+00 0.000000000000000000e+00
1.104651162790697683e+01 3.714285714285714413e+00
1.656976744186046346e+01 1.857142857142857295e+01
2.209302325581395365e+01 3.714285714285714590e+01
2.761627906976744029e+01 5.107142857142856940e+01
3.313953488372092693e+01 3.435714285714285410e+01
3.866279069767441712e+01 2.228571428571428470e+01
4.418604651162790731e+01 2.135714285714285765e+01
4.970930385981912281e+01 2.321428571428571530e+01
5.523255813953488058e+01 2.321428571428571530e+01
6.075581395348837077e+01 2.878571428571428470e+01
6.627906976744185386e+01 3.992857142857143060e+01
7.180232558139535115e+01 4.921428571428571530e+01
7.732558139534883423e+01 5.664285714285714590e+01
8.284883720930233153e+01 3.900000000000000000e+01
8.837209302325581461e+01 2.135714285714285765e+01
9.389535037144702301e+01 1.392857142857142883e+01
9.941860465116279499e+01 1.114285714285714235e+01
1.049418604651162781e+02 8.357142857142857650e+00
1.104651162790697612e+02 4.642857142857143238e+00
1.159883720930232585e+02 2.785714285714285587e+00
1.215116279069767415e+02 1.857142857142857206e+00
1.270348837209302388e+02 9.285714285714286031e-01
